[Porter.jpg]
filters=Polaroid=1,5.000000,00e2e2e2;
moddate=0000bb6c7dd00000
width=600
height=475
textactive=0
[Deschutes.png]
filters=Polaroid=1,5.000000,00e2e2e2;Sixties=1,20.000000,00ffffff,1;
moddate=0000a3827dd00000
width=575
height=317
textactive=0
